function [x]=dataSS(x)
x=[1.6265
1.628
1.6282
1.628
1.6275
1.627
1.6272
1.6272
1.627
1.627
1.6267
1.6265
1.6265
1.6268
1.6265
1.6266
1.6264
1.626
1.626
1.6258
1.6253
1.6258
1.6261
1.626
1.6256
1.6256
1.626
1.626
1.6262
1.6258
1.6258
1.6255
1.6256
1.6262
1.6267
1.627
1.6269
1.6265
1.6267
1.6265
1.627
1.6275
1.6275
1.627
1.628
1.6285
1.6285
1.629
1.6285
1.6287
1.6288
1.6288
1.6287
1.6287
1.6285
1.6287
1.6287
1.6295
1.6286
1.6285
1.6281
1.6283
1.6286
1.6288
1.629
1.6288
1.629
1.6295
1.6305
1.6295
1.6296
1.63
1.6297
1.6296
1.6302
1.6305
1.6305
1.6305
1.631
1.6313
1.6305
1.6305
1.631
1.6325
1.632
1.6325
1.632
1.6316
1.6314
1.631
1.6306
1.6302
1.6305
1.6302
1.6305
1.6306
1.631
1.6315
1.6313
1.631
1.6306
1.6303
1.6302
1.6297
1.6297
1.6297
1.6295
1.6298
1.6298
1.6302
1.6305
1.6302
1.6302
1.6305
1.63
1.6297
1.6299
1.63
1.6295
1.6295
1.6298
1.6297
1.63
1.6302
1.63
1.63
1.6301
1.6299
1.6298
1.6298
1.63
1.63
1.63
1.63
1.6303
1.6298
1.63
1.6299
1.6302
1.6301
1.63
1.6303
1.6303
1.6303
1.6312
1.6315
1.6315
1.6315
1.6315
1.6314
1.631
1.6315
1.6317
1.6313
1.631
1.6309
1.631
1.6305
1.631
1.6307
1.6312
1.6317
1.632
1.6315
1.6325
1.6325
1.6325
1.6323
1.633
1.6328
1.6323
1.6323
1.6318
1.6317
1.6315
1.6317
1.6325
1.6325
1.6324
1.6321
1.632
1.632
1.6318
1.6315
1.6315
1.6315
1.6315
1.6315
1.6315
1.6315
1.6315
1.6325
1.6325
1.6325
1.6315
1.6315
1.6315
1.6315
1.6315
1.6315
1.6315
1.6315
1.6315
1.6315
1.6315
1.6323
1.6321
1.6321
1.6321
1.6321
1.6321
1.632
1.632
1.632
1.632
1.632
1.632
1.632
1.632
1.632
1.632
1.632
1.632
1.632
1.632
1.632
1.6317
1.632
1.632
1.632
1.632
1.632
1.632
1.632
1.632
1.632
1.632
1.632
1.632
1.632
1.632
1.632
1.632
1.632
1.632
1.632
1.632
1.632
1.632
1.632
1.632
1.632
1.6322
1.6323
1.6323
1.6323
1.6316
1.6316
1.632
1.632
1.632
1.632
1.632
1.632
1.632
1.632
1.632
1.632
1.6316
1.6316
1.6323
1.6315
1.632
1.6321
1.6317
1.6315
1.6323
1.6317
1.6317
1.6315
1.632
1.6318
1.6318
1.632
1.632
1.6323
1.6327
1.632
1.6317
1.6322
1.6323
1.6325
1.632
1.6327
1.632
1.6325
1.6321
1.6317
1.6317
1.6318
1.6318
1.6318
1.6323
1.6325
1.6324
1.6328
1.6332
1.6335
1.6333
1.633
1.633
1.6322
1.6327
1.6327
1.6326
1.6323
1.6324
1.6323
1.6325
1.6324
1.6322
1.6322
1.6322
1.6322
1.6325
1.6323
1.6322
1.6322
1.6328
1.6328
1.6323
1.6323
1.632
1.6322
1.6321
1.6321
1.6319
1.632
1.632
1.6317
1.6318
1.6316
1.6323
1.6319
1.6317
1.632
1.6316
1.6317
1.6317
1.632
1.6318
1.6318
1.6315
1.6315
1.6321
1.6321
1.6321
1.6318
1.6317
1.632
1.632
1.6319
1.6316
1.6315
1.6317
1.6315
1.6315
1.6317
1.6316
1.6318
1.632
1.6317
1.6317
1.6317
1.6315
1.6313
1.6313
1.6315
1.6315
1.6315
1.6315
1.6315
1.6315
1.6317
1.6317
1.6317
1.632
1.632
1.632
1.632
1.632
1.632
1.632
1.632
1.632
1.632
1.632
1.632
1.6335
1.633
1.633
1.633
1.633
1.633
1.633
1.633
1.633
1.633
1.633
1.633
1.633
1.633
1.633
1.6342
1.6332
1.6332
1.6325
1.6322
1.6322
1.6321
1.6321
1.6321
1.6325
1.6325
1.6325
1.6325
1.6325
1.6325
1.6325
1.6325
1.6325
1.6325
1.6325
1.6325
1.6335
1.6335
1.6335
1.6335
1.6332
1.6332
1.6332
1.6332
1.6332
1.6337
1.6337
1.6337
1.634
1.634
1.634
1.634
1.634
1.634
1.634
1.634
1.634
1.634
1.634
1.634
1.634
1.634
1.634
1.634
1.6339
1.6339
1.634
1.634
1.634
1.634
1.634
1.634
1.634
1.634
1.634
1.6338
1.6338
1.6338
1.6335
1.6335
1.6336
1.6336
1.6335
1.6335
1.6334
1.6334
1.6334
1.6334
1.6334
1.6334
1.6334
1.6334
1.6334
1.6334
1.6334
1.6334
1.634
1.6339
1.6339
1.6339
1.6339
1.6339
1.633
1.6325
1.633
1.6325
1.632
1.6318
1.6318
1.6316
1.632
1.6318
1.6325
1.6325
1.6335
1.6333
1.6333
1.6333
1.6333
1.6333
1.6333
1.6333
1.6333
1.6333
1.6333
1.6333
1.6333
1.6333
1.6333
1.6333
1.633
1.633
1.633
1.633
1.633
1.633
1.633
1.633
1.633
1.633
1.633
1.633
1.633
1.633
1.633
1.633
1.6335
1.6333
1.6333
1.6333
1.6333
1.6333
1.6333
1.6333
1.6333
1.6333
1.6333
1.6333
1.6333
1.6333
1.6335
1.6335
1.6335
1.6335
1.6335
1.6335
1.6335
1.6335
1.6335
1.6335
1.6335
1.6335
1.6335
1.6335
1.6335
1.6335
1.6335
1.6335
1.6335
1.6335
1.6335
1.6335
1.6335
1.6335
1.6335
1.6335
1.6335
1.6335
1.6336
1.6336
1.6335
1.6333
1.6333
1.6333
1.6333
1.6333
1.6333
1.6333
1.6333
1.6333
1.6333
1.6333
1.6333
1.6333
1.634
1.634
1.6335
1.6335
1.6335
1.6335
1.6335
1.6335
1.6335
1.6335
1.6335
1.6335
1.6335
1.6335
1.6335
1.6335
1.6335
1.6335
1.6335
1.6335
1.6335
1.6335
1.6335
1.6335
1.6335
1.6335
1.6335
1.6335
1.6335
1.6335
1.6338
1.6338
1.6338
1.6338
1.6338
1.6338
1.6338
1.6338
1.6338
1.6338
1.6336
1.6336
1.633
1.633
1.633
1.633
1.633
1.633
1.633
1.633
1.6333
1.633
1.633
1.633
1.6334
1.6334
1.6338
1.6338
1.6339
1.6339
1.6355
1.6349
1.6353
1.635
1.6345
1.6345
1.6345
1.6345
1.6351
1.635
1.635
1.635
1.6347
1.6347
1.6347
1.6346
1.6346
1.6346
1.6347
1.6346
1.6347
1.6347
1.6345
1.6345
1.6345
1.6345
1.6345
1.6345
1.6345
1.6345
1.6345
1.6345
1.6348
1.6347
1.6352
1.6352
1.6351
1.6351
1.6351
1.6351
1.635
1.635
1.635
1.635
1.635
1.635
1.6351
1.6351
1.6351
1.6351
1.636
1.6355
1.6363
1.6358
1.6358
1.6358
1.6358
1.6358
1.6358
1.6358
1.6358
1.6358
1.6358
1.6358
1.635
1.635
1.635
1.635
1.635
1.635
1.635
1.635
1.635
1.635
1.635
1.635
1.635
1.635
1.6352
1.6352
1.6354
1.6353
1.6355
1.6352
1.6352
1.6352
1.6354
1.6354
1.6354
1.6354
1.6355
1.6354
1.6357
1.6357
1.6355
1.6354
1.6362
1.6362
1.6365
1.6362
1.6362
1.6362
1.6362
1.6362
1.636
1.636
1.6362
1.6361
1.6361
1.6361
1.6361
1.6361
1.6361
1.6361
1.6361
1.6361
1.6365
1.6363
1.6362
1.6361
1.6364
1.6362
1.6362
1.6362
1.6362
1.6362
1.6365
1.6365
1.6365
1.6365
1.636
1.636
1.6367
1.6363
1.6365
1.6365
1.6364
1.6362
1.6362
1.6362
1.6362
1.6362
1.6362
1.6362
1.6362
1.636
1.6365
1.6372
1.6374
1.6378
1.6375
1.6372
1.6372
1.6373
1.637
1.6365
1.6367
1.6362
1.6359
1.6358
1.636
1.6361
1.636
1.6355
1.6358
1.6358
1.6357
1.6356
1.6352
1.6343
1.6345
1.6344
1.6348
1.6349
1.634
1.6343
1.6344
1.6348
1.6346
1.6349
1.6345
1.6345
1.6348
1.6348
1.6345
1.635
1.635
1.6363
1.6358
1.6355
1.636
1.6363
1.636
1.6356
1.6355
1.6358
1.6367
1.637
1.6365
1.6371
1.6375
1.637
1.6375
1.6388
1.638
1.6393
1.6387
1.6385
1.6383
1.6382
1.6385
1.639
1.6385
1.639
1.6393
1.6393
1.638
1.6385
1.6389
1.6391
1.639
1.6385
1.6387
1.6388
1.6398
1.6395
1.6391
1.64
1.6397
1.6395
1.6395
1.6397
1.6393
1.639
1.6386
1.6388
1.639
1.6388
1.6392
1.6391
1.638
1.6385
1.6388
1.6395
1.6395
1.6415
1.6408
1.6413
1.6413
1.6406
1.6403
1.6409
1.6417
1.6415
1.6418
1.6428
1.6424
1.6417
1.6421
1.6416
1.6415
1.641
1.6406
1.6407
1.6405
1.6402
1.6396
1.6402
1.6393
1.6393
1.639
1.6385
1.638
1.6379
1.6385
1.6375
1.6377
1.6375
1.6373
1.6378
1.6379
1.6385
1.6387
1.6393
1.6395
1.6391
1.6391
1.6392
1.638
1.638
1.6384
1.6385
1.6383
1.638
1.6372
1.6373
1.6371
1.6378
1.6379
1.638
1.639
1.6395
1.6405
1.6405
1.6405
1.6402
1.6405
1.64
1.6398
1.6395
1.6386
1.639
1.6385
1.6378
1.6378
1.6385
1.6383
1.6375
1.6377
1.6383
1.6372
1.638
1.6375
1.6372
1.637
1.637
1.6372
1.6375
1.637
1.6372
1.637
1.637
1.6367
1.6365
1.636
1.6365
1.636
1.6358
1.636
1.6355
1.635
1.6355
1.6353
1.6355
1.6355
1.6357
1.6349
1.6355
1.6355
1.6355
1.6356
1.6355
1.6352
1.636
1.6365
1.6365
1.6365
1.6365
1.6365
1.637
1.6375
1.6372
1.638
1.6375
1.6375
1.637
1.6385
1.638
1.638
1.6378
