function [x]=dataLS(x)
x = [ 888.7500
  839.0000
  839.0000
  795.2500
  796.5000
  782.2000
  782.7000
  779.7000
  779.7000
  779.7000
  785.7500
  763.5500
  761.1500
  743.9000
  755.9000
  765.1500
  759.3500
  762.3500
  760.2500
  760.2500
  760.2500
  759.7000
  749.7000
  714.1500
  731.3500
  684.2500
  683.3500
  673.7000
  684.2500
  626.3000
  597.7000
  593.1000
  593.8500
  592.9500
  594.4500
  594.4500
  581.7000
  586.8000
  579.8500
  578.4500
  588.3000
  588.8000
  598.1000
  598.1000
  597.9500
  591.2000
  581.4000
  591.7000
  575.2500
  575.5000
  565.1000
  553.4000
  553.4000
  549.7500
  544.2500
  548.9500
  548.9500
  539.8000
  550.7000
  550.7000
  537.0000
  534.2000
  539.5000
  539.5000
  553.5000
  557.7500
  556.1500
  553.7000
  547.5500
  530.4500
  534.1000
  527.2000
  525.8000
  537.5500
  523.4000
  540.7000
  550.7000
  543.2000
  561.2000
  555.7500
  536.4500
  536.0000
  559.3500
  562.3500
  760.2500
  760.2500
  760.2500
  759.7000
  749.7000
  714.1500
  731.3500
  684.2500
  683.3500
  673.7000
  684.2500
  626.3000
  597.7000
  593.1000
  593.8500
  592.9500
  594.4500
  594.4500
  581.7000
  586.8000
  579.8500
  578.4500
  588.3000
  588.8000
  598.1000
  598.1000
  597.9500
  591.2000
  581.4000
  591.7000
  575.2500
  574.2000
  575.5000
  565.1000
  553.4000
  553.4000
  549.7500
  544.2500
  548.9500
  548.9500
  539.8000
  550.7000
  550.7000
  537.0000
  534.2000
  539.5000
  539.5000
  553.5000
  557.7500
  556.1500
  553.7000
  547.5500
  530.4500
  534.1000
  527.2000
  525.8000
  537.5500
  523.4000
  540.7000
  550.7000
  543.2000
  561.2000
  555.7500
  536.4500
  536.0000
  547.3000
  556.1500
  529.3000
  531.6000
  533.5000
  526.2000
  525.7500
  523.7000
  538.7500
  534.9500
  510.8000
  522.6500
  518.4500
  514.5500
  506.4000
  502.0500
    888.7500
  839.0000
  839.0000
  795.2500
  796.5000
  782.2000
  782.7000
  779.7000
  779.7000
  779.7000
  785.7500
  763.5500
  761.1500
  743.9000
  755.9000
  765.1500
  759.3500
  762.3500
  760.2500
  760.2500
  760.2500
  759.7000
  749.7000
  714.1500
  731.3500
  684.2500
  683.3500
  673.7000
  684.2500
  626.3000
  597.7000
  593.1000
  593.8500
  592.9500
  594.4500
  594.4500
  581.7000
  586.8000
  579.8500
  578.4500
  588.3000
  588.8000
  598.1000
  598.1000
  597.9500
  591.2000
  547.3000
  556.1500
  529.3000
  531.6000
  533.5000
  526.2000
  525.7500
  523.7000
  538.7500
  534.9500
  510.8000
  522.6500
  518.4500
  514.5500
  506.4000
  502.0500
  581.4000
  591.7000
  575.2500
  574.2000
  575.5000
  565.1000
  553.4000
  553.4000
  549.7500
  544.2500
  548.9500
  548.9500
  539.8000
  550.7000
  550.7000
  537.0000
  534.2000
  539.5000
  539.5000
  553.5000
  557.7500
  556.1500
  553.7000
  547.5500
  530.4500
  534.1000
  527.2000
  525.8000
  537.5500
  523.4000
  540.7000
  550.7000
  543.2000
  561.2000
  555.7500
  536.4500
  536.0000
  547.3000
  556.1500
  529.3000
  531.6000
  533.5000
  526.2000
  525.7500
  523.7000
  538.7500
  534.9500
  510.8000
  522.6500
  518.4500
  514.5500
  506.4000
  502.0500
    888.7500
  839.0000
  839.0000
  795.2500
  796.5000
  782.2000
  782.7000
  779.7000
  779.7000
  779.7000
  785.7500
  763.5500
  761.1500
  743.9000
  755.9000
  765.1500
  759.3500
  762.3500
  760.2500
  760.2500
  760.2500
  759.7000
  749.7000
  714.1500
  731.3500
  684.2500
  683.3500
  673.7000
  684.2500
  626.3000
  597.7000
  593.1000
  593.8500
  592.9500
  594.4500
  594.4500
  581.7000
  586.8000
  579.8500
  578.4500
  588.3000
  588.8000
  598.1000
  598.1000
  597.9500
  591.2000
  581.4000
  591.7000
  575.2500
  574.2000
  575.5000
  565.1000
  553.4000
  553.4000
  549.7500
  544.2500
  548.9500
  548.9500
  539.8000
  550.7000
  550.7000
  537.0000
  534.2000
  539.5000
  539.5000
  553.5000
  557.7500
  556.1500
  553.7000
  547.5500
  530.4500
  534.1000
  527.2000
  525.8000
  537.5500
  523.4000
  540.7000
  550.7000
  543.2000
  561.2000
  555.7500
  536.4500
  888.7500
  839.0000
  839.0000
  795.2500
  796.5000
  782.2000
  782.7000
  779.7000
  779.7000
  779.7000
  785.7500
  763.5500
  761.1500
  743.9000
  755.9000
  765.1500
  759.3500
  762.3500
  760.2500
  760.2500
  760.2500
  759.7000
  749.7000
  714.1500
  731.3500
  684.2500
  683.3500
  673.7000
  684.2500
  626.3000
  597.7000
  593.1000
  593.8500
  592.9500
  594.4500
  594.4500
  581.7000
  586.8000
  579.8500
  578.4500
  588.3000
  588.8000
  878.1000
  598.1000
  658.9500
  591.2000
  581.4000
  591.7000
  585.2500
  574.2000
  695.5000
  565.1000
  553.4000
  553.4000
  459.7500
  644.2500
  848.9500
  948.9500
  888.7500
  839.0000
  839.0000
  795.2500
  796.5000
  782.2000
  782.7000
  779.7000
  779.7000
  779.7000
  785.7500
  763.5500
  761.1500
  743.9000
  755.9000
  765.1500
  759.3500
  762.3500
  760.2500
  760.2500
  760.2500
  759.7000
  749.7000
  714.1500
  731.3500
  684.2500
  683.3500
  673.7000
  684.2500
  626.3000
  597.7000
  593.1000
  593.8500
  592.9500
  594.4500
  594.4500
  581.7000
  586.8000
  579.8500
  578.4500
  588.3000
  588.8000
  598.1000
  598.1000
  597.9500
  591.2000
  581.4000
  591.7000
  575.2500
  574.2000
  575.5000
  565.1000
  553.4000
  553.4000
  549.7500
  544.2500
  548.9500
  548.9500
  539.8000
  550.7000
  550.7000
  537.0000
  534.2000
  539.5000
  539.5000
  553.5000
  557.7500
  556.1500
  553.7000
  547.5500
  530.4500
  534.1000
  527.2000
  525.8000
  537.5500
  523.4000
  540.7000
  550.7000
  543.2000
  561.2000
  555.7500
  536.4500
  536.0000
  547.3000
  556.1500
  529.3000
  531.6000
  533.5000
  526.2000
  525.7500
  523.7000
  538.7500
  604.9500
  630.8000
  652.6500
  758.4500
  854.5500
  756.4000
  662.0500
    888.7500
  839.0000
  839.0000
  795.2500
  796.5000
  782.2000
  782.7000
  779.7000
  779.7000
  779.7000
  785.7500
  763.5500
  761.1500
  743.9000
  755.9000
  765.1500
  759.3500
  762.3500
  760.2500
  760.2500
  760.2500
  759.7000
  749.7000
  714.1500
  731.3500
  684.2500
  683.3500
  673.7000
  684.2500
  626.3000
  597.7000
  593.1000
  593.8500
  592.9500
  594.4500
  594.4500
  581.7000
  586.8000
  579.8500
  578.4500
  588.3000
  588.8000
  598.1000
  598.1000
  597.9500
  591.2000
  581.4000
  591.7000
  575.2500
  574.2000
  575.5000
  565.1000
  553.4000
  553.4000
  549.7500
  544.2500
  548.9500
  548.9500
  539.8000
  550.7000
  550.7000
  537.0000
  534.2000
  539.5000
  539.5000
  553.5000
  557.7500
  556.1500
  553.7000
  547.5500
  530.4500
  534.1000
  527.2000
  525.8000
  537.5500
  523.4000
  540.7000
  550.7000
  543.2000
  561.2000
  555.7500
  536.4500
  759.3500
  762.3500
  760.2500
  760.2500
  760.2500
  759.7000
  749.7000
  714.1500
  731.3500
  684.2500
  683.3500
  673.7000
  684.2500
  626.3000
  597.7000
  593.1000
  593.8500
  592.9500
  594.4500
  594.4500
  581.7000
  586.8000
  579.8500
  578.4500
  588.3000
  588.8000
  598.1000
  598.1000
  597.9500
  691.2000
  781.4000
  691.7000
  745.2500
  754.2000
  888.7500
  839.0000
  839.0000
  795.2500
  796.5000
  782.2000
  782.7000
  779.7000
  779.7000
  779.7000
  785.7500
  763.5500
  761.1500
  743.9000
  755.9000
  765.1500
  759.3500
  762.3500
  760.2500
  760.2500
  760.2500
  759.7000
  749.7000
  714.1500
  731.3500
  684.2500
  683.3500
  673.7000
